type;n;avg_comparisons;avg_swaps;
quick;10;25.180000;20.080000;
insertion;10;30.900000;21.900000;
hybrid;10;28.240000;17.880000;
quick;20;71.060000;49.060000;
insertion;20;116.080000;97.080000;
hybrid;20;76.940000;44.400000;
quick;30;127.320000;85.400000;
insertion;30;247.220000;218.220000;
hybrid;30;135.900000;78.700000;
quick;40;194.340000;132.440000;
insertion;40;424.620000;385.620000;
hybrid;40;202.100000;118.580000;
quick;50;263.340000;175.120000;
insertion;50;646.280000;597.280000;
hybrid;50;275.120000;161.000000;
quick;60;336.480000;214.100000;
insertion;60;914.160000;855.160000;
hybrid;60;353.460000;201.100000;
quick;70;406.060000;258.960000;
insertion;70;1278.200000;1209.200000;
hybrid;70;427.040000;244.560000;
quick;80;478.940000;310.600000;
insertion;80;1658.180000;1579.180000;
hybrid;80;500.720000;289.320000;
quick;90;577.840000;358.640000;
insertion;90;2081.700000;1992.700000;
hybrid;90;601.140000;333.720000;
quick;100;649.020000;410.280000;
insertion;100;2534.340000;2435.340000;
hybrid;100;675.280000;383.880000;
quick;110;723.760000;456.260000;
insertion;110;3105.980000;2996.980000;
hybrid;110;748.720000;422.840000;
quick;120;819.760000;506.440000;
insertion;120;3664.960000;3545.960000;
hybrid;120;849.960000;472.020000;
quick;130;915.300000;543.100000;
insertion;130;4308.540000;4179.540000;
hybrid;130;951.800000;512.300000;
quick;140;991.860000;595.920000;
insertion;140;4994.340000;4855.340000;
hybrid;140;1030.000000;562.760000;
quick;150;1102.180000;669.000000;
insertion;150;5703.500000;5554.500000;
hybrid;150;1141.360000;632.260000;
quick;160;1182.700000;718.140000;
insertion;160;6503.900000;6344.900000;
hybrid;160;1226.080000;678.240000;
quick;170;1259.960000;765.680000;
insertion;170;7358.560000;7189.560000;
hybrid;170;1304.360000;720.880000;
quick;180;1361.160000;833.480000;
insertion;180;8243.160000;8064.160000;
hybrid;180;1409.120000;788.840000;
quick;190;1469.960000;879.620000;
insertion;190;9164.680000;8975.680000;
hybrid;190;1519.300000;831.400000;
quick;200;1564.260000;932.620000;
insertion;200;10120.760000;9921.760000;
hybrid;200;1620.760000;886.480000;
quick;210;1662.020000;993.100000;
insertion;210;11129.120000;10920.120000;
hybrid;210;1720.100000;945.220000;
quick;220;1783.120000;1080.260000;
insertion;220;12273.180000;12054.180000;
hybrid;220;1841.020000;1023.200000;
quick;230;1883.220000;1137.880000;
insertion;230;13318.800000;13089.800000;
hybrid;230;1937.060000;1069.040000;
quick;240;1948.180000;1151.600000;
insertion;240;14613.400000;14374.400000;
hybrid;240;2017.700000;1098.880000;
quick;250;2038.340000;1223.060000;
insertion;250;15720.940000;15471.940000;
hybrid;250;2103.980000;1165.040000;
quick;260;2150.440000;1272.100000;
insertion;260;17138.240000;16879.240000;
hybrid;260;2215.020000;1199.780000;
quick;270;2277.060000;1346.740000;
insertion;270;18450.760000;18181.760000;
hybrid;270;2346.040000;1270.760000;
quick;280;2355.720000;1384.140000;
insertion;280;19861.100000;19582.100000;
hybrid;280;2424.760000;1307.720000;
quick;290;2490.260000;1453.900000;
insertion;290;21374.100000;21085.100000;
hybrid;290;2563.640000;1372.640000;
quick;300;2585.160000;1520.660000;
insertion;300;22870.880000;22571.880000;
hybrid;300;2662.060000;1439.440000;
quick;310;2731.040000;1593.880000;
insertion;310;24202.000000;23893.000000;
hybrid;310;2813.700000;1512.400000;
quick;320;2787.240000;1670.260000;
insertion;320;25693.000000;25374.000000;
hybrid;320;2866.340000;1581.080000;
quick;330;2879.600000;1692.720000;
insertion;330;27686.300000;27357.300000;
hybrid;330;2966.560000;1609.440000;
quick;340;2974.820000;1743.880000;
insertion;340;28993.460000;28654.460000;
hybrid;340;3058.940000;1649.300000;
quick;350;3124.820000;1850.120000;
insertion;350;31004.880000;30655.880000;
hybrid;350;3215.040000;1760.420000;
quick;360;3209.920000;1893.580000;
insertion;360;32834.180000;32475.180000;
hybrid;360;3303.840000;1803.700000;
quick;370;3394.860000;2001.240000;
insertion;370;34468.560000;34099.560000;
hybrid;370;3495.860000;1909.360000;
quick;380;3459.400000;1990.560000;
insertion;380;36530.680000;36151.680000;
hybrid;380;3545.040000;1871.700000;
quick;390;3585.700000;2080.280000;
insertion;390;38303.760000;37914.760000;
hybrid;390;3682.520000;1976.120000;
quick;400;3683.800000;2119.280000;
insertion;400;39951.200000;39552.200000;
hybrid;400;3790.720000;2016.980000;
quick;410;3720.500000;2206.100000;
insertion;410;42365.580000;41956.580000;
hybrid;410;3832.480000;2105.940000;
quick;420;3876.160000;2276.640000;
insertion;420;44279.600000;43860.600000;
hybrid;420;3977.020000;2156.580000;
quick;430;4023.640000;2393.340000;
insertion;430;46569.860000;46140.860000;
hybrid;430;4134.900000;2280.100000;
quick;440;4133.280000;2406.860000;
insertion;440;49048.100000;48609.100000;
hybrid;440;4249.040000;2294.500000;
quick;450;4221.760000;2425.100000;
insertion;450;50926.680000;50477.680000;
hybrid;450;4333.700000;2304.800000;
quick;460;4376.100000;2560.460000;
insertion;460;52977.760000;52518.760000;
hybrid;460;4490.140000;2437.540000;
quick;470;4474.700000;2635.220000;
insertion;470;55457.000000;54988.000000;
hybrid;470;4595.060000;2515.300000;
quick;480;4577.160000;2603.300000;
insertion;480;57894.280000;57415.280000;
hybrid;480;4702.200000;2474.840000;
quick;490;4686.160000;2684.660000;
insertion;490;60401.520000;59912.520000;
hybrid;490;4815.660000;2563.200000;
quick;500;4828.400000;2845.360000;
insertion;500;62820.440000;62321.440000;
hybrid;500;4955.160000;2712.580000;
quick;510;4906.120000;2904.420000;
insertion;510;65471.580000;64962.580000;
hybrid;510;5039.840000;2774.300000;
quick;520;4979.120000;2811.680000;
insertion;520;67640.480000;67121.480000;
hybrid;520;5114.860000;2673.960000;
quick;530;5074.940000;2974.700000;
insertion;530;70891.980000;70362.980000;
hybrid;530;5214.120000;2836.280000;
quick;540;5259.380000;3059.380000;
insertion;540;73158.400000;72619.400000;
hybrid;540;5403.540000;2922.460000;
quick;550;5343.000000;3025.180000;
insertion;550;76522.880000;75973.880000;
hybrid;550;5485.180000;2881.260000;
quick;560;5472.900000;3206.480000;
insertion;560;79073.740000;78514.740000;
hybrid;560;5614.300000;3057.240000;
quick;570;5707.160000;3363.840000;
insertion;570;81154.420000;80585.420000;
hybrid;570;5851.160000;3210.320000;
quick;580;5906.300000;3405.180000;
insertion;580;84504.300000;83925.300000;
hybrid;580;6053.980000;3253.420000;
quick;590;5748.300000;3292.260000;
insertion;590;87486.660000;86897.660000;
hybrid;590;5901.020000;3134.820000;
quick;600;5892.480000;3513.220000;
insertion;600;90290.400000;89691.400000;
hybrid;600;6042.460000;3347.560000;
quick;610;6072.180000;3506.200000;
insertion;610;93315.420000;92706.420000;
hybrid;610;6226.680000;3344.300000;
quick;620;6218.260000;3614.060000;
insertion;620;96292.060000;95673.060000;
hybrid;620;6376.760000;3447.740000;
quick;630;6347.080000;3637.080000;
insertion;630;99984.200000;99355.200000;
hybrid;630;6516.060000;3481.380000;
quick;640;6462.020000;3748.120000;
insertion;640;103551.420000;102912.420000;
hybrid;640;6625.240000;3580.260000;
quick;650;6708.340000;3849.580000;
insertion;650;106507.180000;105858.180000;
hybrid;650;6874.280000;3679.780000;
quick;660;6805.660000;4014.940000;
insertion;660;108693.560000;108034.560000;
hybrid;660;6977.940000;3842.700000;
quick;670;6817.880000;3991.820000;
insertion;670;112969.860000;112300.860000;
hybrid;670;6986.380000;3812.960000;
quick;680;6987.860000;4072.100000;
insertion;680;116092.780000;115413.780000;
hybrid;680;7161.040000;3895.360000;
quick;690;7077.780000;4065.300000;
insertion;690;118637.120000;117948.120000;
hybrid;690;7254.380000;3884.080000;
quick;700;7155.160000;4110.160000;
insertion;700;122985.160000;122286.160000;
hybrid;700;7340.220000;3932.060000;
quick;710;7525.580000;4397.200000;
insertion;710;126767.120000;126058.120000;
hybrid;710;7702.780000;4201.720000;
quick;720;7440.900000;4267.260000;
insertion;720;130037.440000;129318.440000;
hybrid;720;7621.460000;4077.060000;
quick;730;7542.400000;4342.600000;
insertion;730;133792.980000;133063.980000;
hybrid;730;7730.720000;4154.640000;
quick;740;7717.580000;4459.480000;
insertion;740;136899.300000;136160.300000;
hybrid;740;7910.020000;4272.720000;
quick;750;7741.080000;4521.380000;
insertion;750;140763.040000;140014.040000;
hybrid;750;7933.500000;4325.200000;
quick;760;7930.060000;4557.580000;
insertion;760;145385.220000;144626.220000;
hybrid;760;8128.340000;4362.760000;
quick;770;7992.900000;4559.620000;
insertion;770;148521.500000;147752.500000;
hybrid;770;8186.100000;4355.020000;
quick;780;8072.020000;4678.360000;
insertion;780;152702.280000;151923.280000;
hybrid;780;8277.100000;4482.180000;
quick;790;8253.080000;4629.780000;
insertion;790;156134.660000;155345.660000;
hybrid;790;8465.860000;4433.500000;
quick;800;8541.460000;4757.340000;
insertion;800;160600.960000;159801.960000;
hybrid;800;8750.440000;4547.240000;
quick;810;8481.800000;4932.960000;
insertion;810;164306.800000;163497.800000;
hybrid;810;8693.700000;4722.100000;
quick;820;8660.600000;5039.360000;
insertion;820;168150.660000;167331.660000;
hybrid;820;8874.120000;4824.640000;
quick;830;8852.660000;5140.820000;
insertion;830;172396.660000;171567.660000;
hybrid;830;9067.600000;4926.420000;
quick;840;8944.200000;5158.740000;
insertion;840;177995.980000;177156.980000;
hybrid;840;9158.580000;4942.500000;
quick;850;9089.960000;5087.740000;
insertion;850;181734.140000;180885.140000;
hybrid;850;9309.560000;4872.780000;
quick;860;9091.880000;5339.160000;
insertion;860;185533.160000;184674.160000;
hybrid;860;9304.840000;5105.300000;
quick;870;9203.020000;5279.720000;
insertion;870;188877.940000;188008.940000;
hybrid;870;9422.640000;5044.000000;
quick;880;9537.600000;5506.560000;
insertion;880;193229.980000;192350.980000;
hybrid;880;9761.180000;5271.400000;
quick;890;9644.160000;5444.260000;
insertion;890;198733.000000;197844.000000;
hybrid;890;9876.420000;5220.620000;
quick;900;9798.260000;5711.980000;
insertion;900;202925.280000;202026.280000;
hybrid;900;10031.060000;5481.880000;
quick;910;9852.040000;5691.940000;
insertion;910;206456.420000;205547.420000;
hybrid;910;10087.080000;5448.220000;
quick;920;9784.360000;5552.500000;
insertion;920;212648.700000;211729.700000;
hybrid;920;10015.720000;5303.960000;
quick;930;10213.960000;5848.100000;
insertion;930;217695.040000;216766.040000;
hybrid;930;10441.400000;5592.320000;
quick;940;10182.940000;5817.360000;
insertion;940;220740.680000;219801.680000;
hybrid;940;10428.320000;5570.840000;
quick;950;10406.040000;5845.260000;
insertion;950;225614.440000;224665.440000;
hybrid;950;10653.020000;5597.400000;
quick;960;10549.500000;5949.880000;
insertion;960;230996.460000;230037.460000;
hybrid;960;10800.000000;5699.120000;
quick;970;10518.780000;6113.580000;
insertion;970;235437.020000;234468.020000;
hybrid;970;10754.660000;5839.760000;
quick;980;10729.700000;6083.880000;
insertion;980;239838.040000;238859.040000;
hybrid;980;10975.740000;5816.640000;
quick;990;10970.000000;6199.400000;
insertion;990;244713.360000;243724.360000;
hybrid;990;11216.400000;5934.000000;
quick;1000;11173.920000;6505.940000;
insertion;1000;250594.700000;249595.700000;
hybrid;1000;11428.260000;6243.160000;
quick;1010;11177.400000;6300.880000;
insertion;1010;255527.420000;254518.420000;
hybrid;1010;11427.100000;6023.940000;
quick;1020;11097.140000;6486.000000;
insertion;1020;260367.440000;259348.440000;
hybrid;1020;11348.400000;6200.160000;
quick;1030;11414.860000;6631.920000;
insertion;1030;267667.280000;266638.280000;
hybrid;1030;11668.360000;6346.020000;
quick;1040;11508.860000;6649.300000;
insertion;1040;271196.760000;270157.760000;
hybrid;1040;11775.860000;6375.980000;
quick;1050;11759.340000;6864.800000;
insertion;1050;275569.760000;274520.760000;
hybrid;1050;12028.660000;6584.500000;
quick;1060;11894.960000;6768.120000;
insertion;1060;281636.280000;280577.280000;
hybrid;1060;12167.880000;6484.700000;
quick;1070;11992.480000;6908.640000;
insertion;1070;287328.440000;286259.440000;
hybrid;1070;12278.820000;6633.980000;
quick;1080;11991.720000;6727.020000;
insertion;1080;293261.700000;292182.700000;
hybrid;1080;12271.900000;6446.240000;
quick;1090;12156.740000;6964.460000;
insertion;1090;297823.960000;296734.960000;
hybrid;1090;12431.940000;6669.120000;
quick;1100;12203.780000;6976.380000;
insertion;1100;302432.840000;301333.840000;
hybrid;1100;12488.180000;6682.280000;
quick;1110;12498.460000;7152.660000;
insertion;1110;309998.180000;308889.180000;
hybrid;1110;12790.780000;6873.720000;
quick;1120;12645.200000;7187.900000;
insertion;1120;313229.580000;312110.580000;
hybrid;1120;12907.720000;6867.820000;
quick;1130;12561.580000;7141.100000;
insertion;1130;318625.840000;317496.840000;
hybrid;1130;12849.700000;6840.420000;
quick;1140;12770.620000;7315.220000;
insertion;1140;325566.360000;324427.360000;
hybrid;1140;13060.520000;7020.740000;
quick;1150;12799.840000;7355.520000;
insertion;1150;331067.740000;329918.740000;
hybrid;1150;13089.520000;7046.020000;
quick;1160;13156.520000;7419.280000;
insertion;1160;337183.860000;336024.860000;
hybrid;1160;13444.860000;7104.120000;
quick;1170;13213.100000;7532.120000;
insertion;1170;343626.860000;342457.860000;
hybrid;1170;13511.060000;7227.260000;
quick;1180;13486.960000;7589.600000;
insertion;1180;347429.960000;346250.960000;
hybrid;1180;13788.460000;7277.140000;
quick;1190;13437.300000;7747.200000;
insertion;1190;356378.040000;355189.040000;
hybrid;1190;13740.580000;7429.340000;
quick;1200;13671.460000;7833.840000;
insertion;1200;359873.700000;358674.700000;
hybrid;1200;13980.620000;7516.460000;
quick;1210;13783.600000;7703.780000;
insertion;1210;366779.000000;365570.000000;
hybrid;1210;14096.360000;7389.860000;
quick;1220;13785.280000;8005.340000;
insertion;1220;371188.540000;369969.540000;
hybrid;1220;14089.220000;7672.480000;
quick;1230;13961.880000;7928.400000;
insertion;1230;380229.240000;379000.240000;
hybrid;1230;14276.720000;7604.580000;
quick;1240;14167.580000;8083.040000;
insertion;1240;383655.220000;382416.220000;
hybrid;1240;14478.460000;7749.140000;
quick;1250;14423.800000;8125.220000;
insertion;1250;392123.500000;390874.500000;
hybrid;1250;14744.500000;7797.580000;
quick;1260;14103.700000;8030.720000;
insertion;1260;397480.620000;396221.620000;
hybrid;1260;14430.320000;7704.820000;
quick;1270;14334.420000;8239.000000;
insertion;1270;404352.440000;403083.440000;
hybrid;1270;14658.680000;7900.000000;
quick;1280;14873.340000;8353.840000;
insertion;1280;410635.120000;409356.120000;
hybrid;1280;15200.940000;8010.680000;
quick;1290;14765.460000;8508.160000;
insertion;1290;415785.880000;414496.880000;
hybrid;1290;15101.200000;8175.380000;
quick;1300;15014.820000;8537.060000;
insertion;1300;424070.320000;422771.320000;
hybrid;1300;15349.300000;8192.140000;
quick;1310;15140.420000;8785.380000;
insertion;1310;429507.140000;428198.140000;
hybrid;1310;15481.620000;8445.400000;
quick;1320;15392.980000;8732.480000;
insertion;1320;437161.680000;435842.680000;
hybrid;1320;15727.960000;8382.760000;
quick;1330;15429.940000;8801.120000;
insertion;1330;442419.680000;441090.680000;
hybrid;1330;15758.460000;8444.340000;
quick;1340;15589.780000;8966.980000;
insertion;1340;448783.920000;447444.920000;
hybrid;1340;15924.340000;8607.440000;
quick;1350;15554.100000;8827.080000;
insertion;1350;459014.040000;457665.040000;
hybrid;1350;15892.640000;8463.280000;
quick;1360;15876.940000;9001.420000;
insertion;1360;464395.420000;463036.420000;
hybrid;1360;16225.500000;8635.280000;
quick;1370;16103.300000;9126.500000;
insertion;1370;470923.380000;469554.380000;
hybrid;1370;16461.160000;8771.960000;
quick;1380;16029.680000;9137.220000;
insertion;1380;478457.560000;477078.560000;
hybrid;1380;16373.540000;8755.500000;
quick;1390;16118.040000;9318.640000;
insertion;1390;485231.400000;483842.400000;
hybrid;1390;16484.460000;8965.100000;
quick;1400;16539.260000;9434.500000;
insertion;1400;489845.080000;488446.080000;
hybrid;1400;16905.760000;9082.100000;
quick;1410;16455.420000;9324.940000;
insertion;1410;496373.720000;494964.720000;
hybrid;1410;16813.360000;8946.260000;
quick;1420;16757.440000;9487.440000;
insertion;1420;504375.160000;502956.160000;
hybrid;1420;17109.420000;9104.580000;
quick;1430;16756.520000;9412.500000;
insertion;1430;513507.440000;512078.440000;
hybrid;1430;17122.920000;9040.420000;
quick;1440;16736.780000;9591.900000;
insertion;1440;518622.840000;517183.840000;
hybrid;1440;17111.100000;9224.960000;
quick;1450;17074.620000;9847.900000;
insertion;1450;527543.940000;526094.940000;
hybrid;1450;17446.120000;9476.960000;
quick;1460;17186.000000;9633.640000;
insertion;1460;532162.860000;530703.860000;
hybrid;1460;17560.660000;9254.220000;
quick;1470;17296.940000;9830.180000;
insertion;1470;540448.640000;538979.640000;
hybrid;1470;17670.400000;9437.100000;
quick;1480;17110.960000;9854.000000;
insertion;1480;549530.420000;548051.420000;
hybrid;1480;17485.880000;9463.900000;
quick;1490;17481.860000;9735.060000;
insertion;1490;554132.660000;552643.660000;
hybrid;1490;17862.860000;9349.220000;
quick;1500;17770.320000;10121.620000;
insertion;1500;564449.180000;562950.180000;
hybrid;1500;18158.220000;9731.500000;
quick;1510;17661.460000;10044.060000;
insertion;1510;571092.600000;569583.600000;
hybrid;1510;18040.300000;9632.600000;
quick;1520;18207.480000;10208.420000;
insertion;1520;579473.700000;577954.700000;
hybrid;1520;18601.040000;9818.420000;
quick;1530;18030.280000;10262.620000;
insertion;1530;586276.040000;584747.040000;
hybrid;1530;18411.820000;9848.000000;
quick;1540;18171.620000;10423.280000;
insertion;1540;592219.600000;590680.600000;
hybrid;1540;18579.260000;10032.500000;
quick;1550;18822.040000;10762.160000;
insertion;1550;600450.300000;598901.300000;
hybrid;1550;19222.880000;10362.400000;
quick;1560;18570.620000;10616.340000;
insertion;1560;608609.360000;607050.360000;
hybrid;1560;18972.660000;10198.460000;
quick;1570;18660.120000;10527.600000;
insertion;1570;616183.340000;614614.340000;
hybrid;1570;19069.640000;10121.800000;
quick;1580;18628.780000;10459.640000;
insertion;1580;626254.580000;624675.580000;
hybrid;1580;19042.400000;10053.460000;
quick;1590;18873.300000;10873.200000;
insertion;1590;632102.820000;630513.820000;
hybrid;1590;19275.520000;10437.860000;
quick;1600;19276.400000;10834.780000;
insertion;1600;640540.380000;638941.380000;
hybrid;1600;19686.040000;10422.300000;
quick;1610;18825.060000;10561.000000;
insertion;1610;650042.040000;648433.040000;
hybrid;1610;19239.120000;10139.960000;
quick;1620;19544.120000;10887.120000;
insertion;1620;655983.300000;654364.300000;
hybrid;1620;19962.980000;10472.860000;
quick;1630;19701.480000;11109.940000;
insertion;1630;665025.660000;663396.660000;
hybrid;1630;20112.940000;10674.480000;
quick;1640;19734.520000;11202.380000;
insertion;1640;672754.780000;671115.780000;
hybrid;1640;20153.720000;10774.600000;
quick;1650;19733.420000;11235.400000;
insertion;1650;683702.460000;682053.460000;
hybrid;1650;20143.460000;10769.720000;
quick;1660;19959.140000;11400.760000;
insertion;1660;690665.780000;689006.780000;
hybrid;1660;20375.180000;10952.760000;
quick;1670;19924.280000;11444.400000;
insertion;1670;697311.440000;695642.440000;
hybrid;1670;20346.620000;10999.720000;
quick;1680;20255.220000;11243.840000;
insertion;1680;708638.780000;706959.780000;
hybrid;1680;20687.620000;10813.760000;
quick;1690;20235.060000;11317.160000;
insertion;1690;714315.540000;712626.540000;
hybrid;1690;20678.400000;10878.520000;
quick;1700;20340.840000;11585.760000;
insertion;1700;726177.420000;724478.420000;
hybrid;1700;20769.040000;11122.440000;
quick;1710;20358.620000;11364.060000;
insertion;1710;732014.180000;730305.180000;
hybrid;1710;20805.080000;10925.360000;
quick;1720;20767.720000;11741.160000;
insertion;1720;738405.520000;736686.520000;
hybrid;1720;21211.800000;11289.200000;
quick;1730;20763.560000;12010.060000;
insertion;1730;750342.760000;748613.760000;
hybrid;1730;21202.700000;11552.040000;
quick;1740;21214.280000;12017.920000;
insertion;1740;759092.800000;757353.800000;
hybrid;1740;21651.340000;11544.160000;
quick;1750;21010.300000;11950.880000;
insertion;1750;768741.940000;766992.940000;
hybrid;1750;21456.420000;11479.360000;
quick;1760;21264.860000;11679.960000;
insertion;1760;775223.460000;773464.460000;
hybrid;1760;21710.080000;11205.900000;
quick;1770;21295.720000;12065.960000;
insertion;1770;779888.480000;778119.480000;
hybrid;1770;21738.240000;11592.120000;
quick;1780;21486.420000;12209.720000;
insertion;1780;791816.240000;790037.240000;
hybrid;1780;21942.040000;11752.500000;
quick;1790;22156.340000;12372.220000;
insertion;1790;804141.980000;802352.980000;
hybrid;1790;22597.720000;11883.820000;
quick;1800;21634.760000;12210.480000;
insertion;1800;812162.160000;810363.160000;
hybrid;1800;22079.380000;11717.180000;
quick;1810;21671.340000;12232.400000;
insertion;1810;819505.040000;817696.040000;
hybrid;1810;22137.400000;11763.540000;
quick;1820;22155.880000;12325.580000;
insertion;1820;827877.780000;826058.780000;
hybrid;1820;22612.060000;11824.620000;
quick;1830;22363.480000;12573.100000;
insertion;1830;840415.000000;838586.000000;
hybrid;1830;22835.440000;12094.180000;
quick;1840;22575.460000;12751.660000;
insertion;1840;845118.000000;843279.000000;
hybrid;1840;23048.520000;12264.140000;
quick;1850;22486.340000;12575.300000;
insertion;1850;857863.020000;856014.020000;
hybrid;1850;22957.300000;12087.040000;
quick;1860;22770.680000;12739.740000;
insertion;1860;866782.120000;864923.120000;
hybrid;1860;23250.680000;12244.740000;
quick;1870;23044.900000;12933.600000;
insertion;1870;874910.220000;873041.220000;
hybrid;1870;23515.560000;12436.120000;
quick;1880;23211.460000;13173.160000;
insertion;1880;882427.540000;880548.540000;
hybrid;1880;23705.780000;12703.760000;
quick;1890;23059.480000;13041.900000;
insertion;1890;893676.780000;891787.780000;
hybrid;1890;23535.680000;12525.420000;
quick;1900;23409.300000;13298.680000;
insertion;1900;906155.660000;904256.660000;
hybrid;1900;23899.280000;12805.040000;
quick;1910;23477.680000;13203.880000;
insertion;1910;915429.540000;913520.540000;
hybrid;1910;23976.000000;12715.840000;
quick;1920;23461.760000;13041.780000;
insertion;1920;925860.280000;923941.280000;
hybrid;1920;23946.840000;12527.160000;
quick;1930;23784.800000;13131.420000;
insertion;1930;933346.760000;931417.760000;
hybrid;1930;24293.760000;12646.360000;
quick;1940;23663.120000;13277.020000;
insertion;1940;941364.980000;939425.980000;
hybrid;1940;24156.560000;12759.640000;
quick;1950;24226.120000;13403.360000;
insertion;1950;950985.180000;949036.180000;
hybrid;1950;24724.720000;12883.680000;
quick;1960;24322.080000;13864.120000;
insertion;1960;961894.660000;959935.660000;
hybrid;1960;24828.240000;13356.900000;
quick;1970;24604.160000;13850.060000;
insertion;1970;975530.320000;973561.320000;
hybrid;1970;25101.060000;13320.980000;
quick;1980;24279.880000;13851.560000;
insertion;1980;982618.480000;980639.480000;
hybrid;1980;24784.680000;13339.800000;
quick;1990;24506.560000;13674.360000;
insertion;1990;991809.940000;989820.940000;
hybrid;1990;25008.300000;13138.900000;
quick;2000;24941.880000;14100.920000;
insertion;2000;1003038.180000;1001039.180000;
hybrid;2000;25442.600000;13561.420000;
